20

119 7
96 98
105 16
2 87
110 80
93 92
126 112
75 107
52 107
102 5
121 95
70 113
79 107
91 17
12 35
1 53
4 90
119 31
112 83
19 86

25
	20 20 12 23 23 200 7 1 0

	0 0 0 false
	0 0 0 false
	0 775670 0 false
	0 0 0 false
	0 0 0 false
	0 0 0 false
	0 0 0
	0 0 0 false
	32 20 12 35 23 200 7 1 0

	0 48 0 false
	32760 48 0 false
	32760 128 0 false
	0 4198967968 0 false
	0 786424 0 false
	0 48 0 false
	0 0 0
	0 0 0 false
	44 20 12 47 23 200 7 1 0

	32760 4198967968 0 false
	0 48 0 false
	32760 0 0 false
	0 765136 0 false
	22028 4198961984 0 false
	22028 48 0 false
	4200920896 22028 0
	0 805658 0 false
	56 20 12 59 23 200 7 1 0

	32760 48 0 false
	0 763723 0 false
	22028 0 0 false
	0 767962 0 false
	0 4198967968 0 false
	22028 48 0 false
	319257456 32760 0
	0 805658 0 false
	68 20 12 71 23 200 7 1 0

	0 17408 0 false
	22028 48 0 false
	32760 4198967968 0 false
	0 48 0 false
	0 0 0 false
	22028 4199593040 0 false
	0 0 0
	0 2147483648 0 false
	20 32 12 23 35 200 7 1 0

	0 48 0 false
	32760 770023 0 false
	32760 4203670576 0 false
	0 48 0 false
	0 0 0 false
	32760 790309 0 false
	0 0 0
	0 4198961984 0 false
	32 32 12 35 35 200 7 1 0

	0 48 0 false
	0 48 0 false
	0 128 0 false
	0 720997 0 false
	0 4198967968 0 false
	0 4198967968 0 false
	0 0 0
	32760 4199593040 0 false
	44 32 12 47 35 200 7 1 0

	0 48 0 false
	32760 4198728128 0 false
	0 128 0 false
	0 48 0 false
	0 92 0 false
	32760 4198967968 0 false
	4201399408 22028 0
	0 92 0 false
	56 32 12 59 35 200 7 1 0

	0 48 0 false
	32760 0 0 false
	0 128 0 false
	0 4198967968 0 false
	32760 2147483648 0 false
	22028 48 0 false
	318937024 32760 0
	0 92 0 false
	68 32 12 71 35 200 7 1 0

	0 48 0 false
	0 4200416960 0 false
	0 4202081552 0 false
	0 2147483648 0 false
	0 92 0 false
	32760 48 0 false
	0 0 0
	32760 2147483648 0 false
	20 44 12 23 47 200 7 1 0

	0 48 0 false
	0 17408 0 false
	0 4204450400 0 false
	32760 4198967968 0 false
	0 92 0 false
	32760 655461 0 false
	0 29696 0
	0 92 0 false
	32 44 12 35 47 200 7 1 0

	0 48 0 false
	0 4199584880 0 false
	0 4203961184 0 false
	0 92 0 false
	0 92 0 false
	22028 48 0 false
	0 0 0
	0 92 0 false
	44 44 12 47 47 200 7 1 0

	0 48 0 false
	32760 128 0 false
	227072 0 0 false
	0 92 0 false
	32760 2147483648 0 false
	32760 791801 0 false
	0 0 0
	0 92 0 false
	56 44 12 59 47 200 7 1 0

	0 48 0 false
	32760 1768780405 0 false
	227072 0 0 false
	0 4198967968 0 false
	32760 4198961984 0 false
	0 4198967968 0 false
	33 0 0
	32760 2147483648 0 false
	68 44 12 71 47 200 7 1 0

	0 48 0 false
	0 4200459248 0 false
	29696 17408 0 false
	0 17408 0 false
	0 92 0 false
	0 48 0 false
	32 0 0
	32760 4198961984 0 false
	20 56 12 23 59 200 7 1 0

	0 48 0 false
	0 17408 0 false
	0 128 0 false
	0 92 0 false
	0 92 0 false
	0 48 0 false
	4201235552 22028 0
	852 0 0 false
	32 56 12 35 59 200 7 1 0

	0 48 0 false
	0 17408 0 false
	0 128 0 false
	32760 4198961984 0 false
	32760 2147483648 0 false
	0 48 0 false
	4196633920 22028 0
	1056 48 0 false
	44 56 12 47 59 200 7 1 0

	0 48 0 false
	0 128 0 false
	0 0 0 false
	0 92 0 false
	32760 4198961984 0 false
	0 48 0 false
	4203722624 22028 0
	22028 0 0 false
	56 56 12 59 59 200 7 1 0

	0 48 0 false
	32760 4203792112 0 false
	22028 4200025792 0 false
	32760 2147483648 0 false
	32760 4199593040 0 false
	0 48 0 false
	4198908048 22028 0
	0 48 0 false
	68 56 12 71 59 200 7 1 0

	0 48 0 false
	32760 1768780405 0 false
	22028 162 0 false
	32760 4198961984 0 false
	0 92 0 false
	0 48 0 false
	4201595344 22028 0
	22028 0 0 false
	20 68 12 23 71 200 7 1 0

	35 48 0 false
	32760 4203616800 0 false
	0 26112 0 false
	32760 4199593040 0 false
	0 92 0 false
	0 48 0 false
	4200399680 22028 0
	0 48 0 false
	32 68 12 35 71 200 7 1 0

	50 48 0 false
	32760 0 0 false
	0 26112 0 false
	0 92 0 false
	32760 2147483648 0 false
	0 48 0 false
	4201240336 22028 0
	302 0 0 false
	44 68 12 47 71 200 7 1 0

	103 48 0 false
	32760 0 0 false
	0 0 0 false
	0 92 0 false
	0 92 0 false
	0 48 0 false
	0 0 0
	1056 48 0 false
	56 68 12 59 71 200 7 1 0

	22028 48 0 false
	0 4198906432 0 false
	22028 4204450400 0 false
	32760 2147483648 0 false
	0 92 0 false
	0 48 0 false
	0 0 0
	302 0 0 false
	68 68 12 71 71 200 7 1 0

	22028 48 0 false
	0 4198801504 0 false
	22028 128 0 false
	0 92 0 false
	0 92 0 false
	0 48 0 false
	0 0 0
	1056 48 0 false
